12 (number of trees) 25 (number of maximum species by tree)
0	0.380952	0.333333	0.47619	0.526316	0.47619	0.421053	0.444444	0.388889	0.571429	0.571429	0.47619	
0.380952	0	0.380952	0.619048	0.421053	0.380952	0.421053	0.444444	0.444444	0.428571	0.52381	0.428571	
0.333333	0.380952	0	0.619048	0.473684	0.380952	0.368421	0.5	0.444444	0.5	0.428571	0.380952	
0.47619	0.619048	0.619048	0	0.684211	0.681818	0.684211	0.611111	0.5	0.714286	0.761905	0.714286	
0.526316	0.421053	0.473684	0.684211	0	0.578947	0.411765	0.375	0.5	0.583333	0.526316	0.473684	
0.47619	0.380952	0.380952	0.681818	0.578947	0	0.315789	0.5	0.5	0.571429	0.47619	0.380952	
0.421053	0.421053	0.368421	0.684211	0.411765	0.315789	0	0.411765	0.352941	0.583333	0.473684	0.368421	
0.444444	0.444444	0.5	0.611111	0.375	0.5	0.411765	0	0.5	0.461538	0.611111	0.555556	
0.388889	0.444444	0.444444	0.5	0.5	0.5	0.352941	0.5	0	0.615385	0.611111	0.5	
0.571429	0.428571	0.5	0.714286	0.583333	0.571429	0.583333	0.461538	0.615385	0	0.5	0.5	
0.571429	0.52381	0.428571	0.761905	0.526316	0.47619	0.473684	0.611111	0.611111	0.5	0	0.333333	
0.47619	0.428571	0.380952	0.714286	0.473684	0.380952	0.368421	0.555556	0.5	0.5	0.333333	0	
